0000000100000000
1110110000010000
0000000000000000
1110001100001000
0000000010000101
1110101010000111
0000000000001111
1110001100001000
0000000000000000
1111110010101000
1111110000010000
1110110010100000
1111000111010000
1110101010001000
0000000000010011
1110001100000101
0000000000000000
1111110010100000
1110111010001000
0000000000001111
1111110000100000
1110101010000111
0000000000001111
1110001100001000
0000000000000000
1111110010101000
1111110000010000
1110110010100000
1111000111010000
1110101010001000
0000000000100011
1110001100000110
0000000000000000
1111110010100000
1110111010001000
0000000000001111
1111110000100000
1110101010000111
0000000000001111
1110001100001000
0000000000000000
1111110010101000
1111110000010000
1110110010100000
1111000111010000
1110101010001000
0000000000110011
1110001100000011
0000000000000000
1111110010100000
1110111010001000
0000000000001111
1111110000100000
1110101010000111
0000000000000101
1110110000010000
0000000000000001
1111000111100000
1111110000010000
0000000000001101
1110001100001000
0000000000000000
1111110010101000
1111110000010000
0000000000000010
1111110000100000
1110001100001000
1110110000010000
0000000000000000
1110011111001000
0000000000000001
1111110000010000
0000000000001110
1110001110101000
1111110000010000
0000000000000100
1110001100001000
0000000000001110
1111110010101000
1111110000010000
0000000000000011
1110001100001000
0000000000001110
1111110010101000
1111110000010000
0000000000000010
1110001100001000
0000000000001110
1111110010101000
1111110000010000
0000000000000001
1110001100001000
0000000000001101
1111110000100000
1110101010000111
0000000000000000
1111110000100000
1110001100001000
0000000000000001
1111110000010000
0000000000000000
1111110111101000
1110001100001000
0000000000000010
1111110000010000
0000000000000000
1111110111101000
1110001100001000
0000000000000011
1111110000010000
0000000000000000
1111110111101000
1110001100001000
0000000000000100
1111110000010000
0000000000000000
1111110111101000
1110001100001000
0000000000000100
1110110000010000
0000000000001101
1111000010010000
0000000000000000
1111000111010000
0000000000000010
1110001100001000
0000000000000000
1111110111011000
0000000000000001
1110001100001000
0000000000001110
1111110000100000
1110101010000111
0000000000000000
1110110000010000
0000000000001101
1110001100001000
0110100110110010
1110110000010000
0000000000001110
1110001100001000
0000000010010001
1110110000010000
0000000001011111
1110101010000111
